kernel 0:
-0.243151,-0.174449,-0.10862,-0.0702978,-0.0533155,-0.115759,-0.224312,-0.1672,-0.104616,-0.00336241,0.0557109,0.0556219,-0.00310666,-0.102447,-0.0763954,0.0144459,0.100459,0.186103,0.195312,0.119889,0.0147297,-0.0390371,0.0498242,0.198723,0.285721,0.29362,0.217052,0.0662957,-0.0282193,0.0764705,0.223195,0.325783,0.343812,0.257348,0.112124,-0.0654332,0.0348196,0.182184,0.259815,0.285678,0.204279,0.0670386,-0.144076,-0.0339543,0.0590068,0.138131,0.178284,0.0975852,-0.0301586,
kernel 1:
0.360302,0.350395,0.275497,0.219912,0.220633,0.231141,0.2754,0.264463,0.213456,0.170487,0.101531,0.0834446,0.131729,0.188442,0.151141,0.0702774,-0.00662928,-0.0850719,-0.0537121,0.00927253,0.0696325,0.036742,-0.0658719,-0.155929,-0.233971,-0.190046,-0.129995,-0.0445488,-0.0434022,-0.156567,-0.250997,-0.315444,-0.318186,-0.201061,-0.0869687,-0.046983,-0.159601,-0.249091,-0.314868,-0.294304,-0.212459,-0.099601,0.0057343,-0.0965513,-0.163645,-0.22765,-0.234298,-0.14803,-0.0536851,
kernel 2:
-0.0608482,-0.00637011,0.0431482,0.0516036,0.0341824,0.00127748,-0.0719221,-0.0113599,0.0595901,0.106367,0.136034,0.131879,0.0670688,-0.0121918,0.0173491,0.0866402,0.169103,0.173809,0.179771,0.111191,0.0389464,-0.00389322,0.0940777,0.167339,0.189148,0.203047,0.123092,0.0391228,0.0184563,0.0944128,0.183804,0.197901,0.192514,0.125162,0.0523274,0.027472,0.0903197,0.185058,0.200987,0.195117,0.129228,0.0466754,0.0532266,0.0838692,0.1594,0.179387,0.161174,0.127179,0.0701285,
kernel 3:
0.664312,0.598619,0.43887,0.371486,0.465446,0.589903,0.64796,0.456402,0.358901,0.167343,0.100856,0.204822,0.4092,0.485819,0.179103,0.0228973,-0.194104,-0.313795,-0.150127,0.0971873,0.235709,-0.0099288,-0.248169,-0.51895,-0.63354,-0.45399,-0.173177,0.0217166,-0.0870412,-0.343158,-0.603905,-0.735845,-0.548507,-0.27142,-0.0675564,0.000423378,-0.225897,-0.504529,-0.611363,-0.462805,-0.204692,0.0154035,0.157063,-0.0363237,-0.220172,-0.358216,-0.225795,-0.0096349,0.173899,
kernel 4:
0.0313043,0.170614,0.243604,0.237785,0.271378,0.219896,0.0810687,0.115433,0.256399,0.326874,0.333126,0.338635,0.298032,0.180455,0.162915,0.308918,0.381498,0.386048,0.371219,0.331124,0.213303,0.206553,0.330463,0.414384,0.416902,0.38854,0.36423,0.237071,0.221712,0.355004,0.416052,0.420385,0.403388,0.361708,0.2297,0.16024,0.326438,0.383214,0.379634,0.361692,0.316886,0.169941,0.103145,0.20934,0.291211,0.298819,0.291533,0.216805,0.0664724,
kernel 5:
0.347932,0.217306,0.00972672,-0.0431081,0.00578497,0.117924,0.214699,0.0936808,-0.0649411,-0.283265,-0.368411,-0.303021,-0.14946,0.0108296,-0.0193485,-0.224081,-0.451332,-0.556132,-0.469598,-0.313069,-0.146933,0.0444789,-0.157488,-0.38728,-0.502419,-0.434842,-0.2631,-0.0999538,0.239272,0.0600261,-0.134639,-0.238422,-0.1905,-0.0495298,0.0719467,0.424037,0.275485,0.0979767,-0.00322624,0.0607079,0.150401,0.221528,0.531564,0.403517,0.245088,0.158369,0.232902,0.290916,0.330782,
kernel 6:
0.2375,0.052403,-0.0800606,-0.0685422,0.0754937,0.235206,0.329592,0.0236779,-0.189997,-0.333871,-0.333384,-0.169912,0.0349751,0.15853,-0.104273,-0.331622,-0.488973,-0.4696,-0.279152,-0.0735944,0.092676,-0.112872,-0.29729,-0.466651,-0.427406,-0.220387,-0.0267046,0.117047,0.0520535,-0.122651,-0.251398,-0.218365,-0.0645294,0.102949,0.255395,0.145702,0.0141984,-0.0650973,-0.0292359,0.0896282,0.241903,0.35697,0.231087,0.128762,0.0535997,0.101402,0.213424,0.341645,0.4107,
kernel 7:
-0.0679297,0.00444458,0.0757206,0.0749423,0.0472691,-0.0387993,-0.11876,0.00423542,0.0952783,0.176562,0.210539,0.168235,0.0672049,-0.055078,0.0494128,0.176776,0.241269,0.270221,0.237259,0.130852,0.0058892,0.0569719,0.180572,0.25368,0.294327,0.244643,0.118866,-0.00736786,-0.0131667,0.0976265,0.172422,0.177172,0.14382,0.0159645,-0.0810414,-0.101519,-0.0484191,0.029604,0.0460458,-0.0132104,-0.100786,-0.192508,-0.178463,-0.116733,-0.0323763,-0.0311285,-0.0859659,-0.192768,-0.242928,
kernel 8:
0.0161103,-0.155014,-0.316682,-0.36539,-0.282823,-0.155319,-0.0379561,-0.235378,-0.47924,-0.676936,-0.737812,-0.659406,-0.447938,-0.303356,-0.256817,-0.488977,-0.691476,-0.782282,-0.662681,-0.47485,-0.304848,-0.0298204,-0.224654,-0.406653,-0.468792,-0.385276,-0.210272,-0.0796597,0.310842,0.18504,0.0472899,-0.00473633,0.0704892,0.201714,0.231414,0.595282,0.532736,0.434412,0.393486,0.453043,0.509042,0.503428,0.694692,0.685002,0.617046,0.582223,0.620243,0.67033,0.630553,
kernel 9:
0.0631915,-0.121381,-0.274922,-0.320446,-0.195363,-0.0476322,0.0748378,-0.170843,-0.390598,-0.556831,-0.584935,-0.448426,-0.268094,-0.112744,-0.171608,-0.386074,-0.573284,-0.607659,-0.437496,-0.254714,-0.0983258,-0.0205272,-0.208763,-0.372825,-0.382407,-0.23536,-0.0735461,0.0639693,0.230823,0.0694073,-0.0443729,-0.0607929,0.0870274,0.214052,0.312263,0.40939,0.302209,0.200783,0.202095,0.329012,0.432449,0.483843,0.487337,0.418474,0.334188,0.345113,0.425206,0.522537,0.556571,
kernel 10:
0.0390653,0.0352839,0.059453,0.06228,0.0693727,0.106331,0.109887,-0.0219891,-0.00864628,0.0112321,0.0414867,0.0331558,0.0595319,0.0431301,-0.0622239,-0.0267882,-0.0405286,0.0072342,-0.017826,0.0132968,0.0255061,-0.0837758,-0.0444573,-0.0601495,-0.0238285,-0.0165359,-0.00436015,0.0060849,-0.079394,-0.0689107,-0.0451866,-0.0215026,-0.0295759,-0.00101075,-0.0223941,-0.0870594,-0.0484664,-0.0707358,-0.0344051,-0.0461946,-0.000343378,-0.00379479,-0.0609002,-0.0523589,-0.054371,-0.0385835,-0.00934026,0.00456663,-0.00887471,
kernel 11:
0.135689,0.191203,0.249683,0.288935,0.295461,0.248627,0.180396,0.0711536,0.119164,0.198164,0.224832,0.18278,0.190306,0.111934,0.0259215,0.079626,0.121412,0.172095,0.160383,0.140126,0.0495474,-0.0325067,0.0400952,0.0866007,0.14998,0.123949,0.0897749,0.00725151,-0.0450058,-0.00283615,0.0473454,0.103914,0.0617481,0.0582275,-0.0124794,-0.110185,-0.0126833,0.0214008,0.0315942,0.0194992,0.0226174,-0.0633447,-0.141377,-0.0719016,-0.0204545,0.00722031,0.0080984,-0.034518,-0.108718,
kernel 12:
-0.27213,-0.25447,-0.29305,-0.301022,-0.290536,-0.286849,-0.303786,-0.282935,-0.283651,-0.334885,-0.311728,-0.312695,-0.30851,-0.307015,-0.291662,-0.287987,-0.336574,-0.337018,-0.329146,-0.319641,-0.315455,-0.286829,-0.295044,-0.337299,-0.318506,-0.322862,-0.315376,-0.327354,-0.300018,-0.290796,-0.355638,-0.321103,-0.331125,-0.324242,-0.312234,-0.291344,-0.271677,-0.311809,-0.321208,-0.295955,-0.277668,-0.275288,-0.277599,-0.248172,-0.311401,-0.307524,-0.299775,-0.283094,-0.291476,
kernel 13:
0.22864,0.302491,0.323909,0.364341,0.354137,0.319442,0.227689,0.260313,0.347016,0.369421,0.387931,0.387361,0.351608,0.237454,0.259128,0.364567,0.373752,0.406216,0.391248,0.35768,0.240701,0.2702,0.371743,0.382524,0.425731,0.401975,0.357614,0.247173,0.227678,0.339785,0.377031,0.392944,0.38518,0.335294,0.235002,0.20908,0.319654,0.364366,0.393789,0.37635,0.319826,0.22093,0.157757,0.29219,0.327831,0.329371,0.311668,0.290508,0.178676,
kernel 14:
0.0444789,0.00850718,-0.0152382,-0.000243028,0.00540833,0.0086431,-0.00104446,0.00839478,-0.00325725,-0.0361595,-0.0170805,-0.00305138,0.0181927,0.00835262,0.0167767,-0.0134178,-0.0383937,-0.0473057,-0.00994664,0.0166792,-0.0055093,-2.67598e-05,-0.0102375,-0.0545943,-0.0567737,-0.0511192,-0.0191623,-0.0194341,-0.0506114,-0.0858593,-0.118473,-0.121203,-0.146575,-0.107654,-0.0576298,-0.0763377,-0.101622,-0.160996,-0.18927,-0.193209,-0.141588,-0.128533,-0.147327,-0.190446,-0.244053,-0.252034,-0.26715,-0.241129,-0.193064,
kernel 15:
-0.0265778,-0.0319054,-0.0542217,-0.0478807,-0.0817086,-0.0691103,-0.0232504,-0.0109606,-0.0436238,-0.0604112,-0.0699014,-0.0888955,-0.0612067,-0.0271204,-0.0169551,-0.0473089,-0.0703333,-0.0557177,-0.102472,-0.070614,-0.0160166,-0.0261691,-0.075678,-0.0845788,-0.0938684,-0.104237,-0.08468,-0.0265093,-0.0431504,-0.0954917,-0.115979,-0.113097,-0.141561,-0.112249,-0.050563,-0.0707838,-0.117051,-0.162976,-0.14754,-0.168494,-0.145554,-0.0841353,-0.160274,-0.192873,-0.225908,-0.231458,-0.249643,-0.221448,-0.162243,
kernel 16:
0.163965,0.213994,0.247576,0.273797,0.245896,0.226907,0.17369,0.172372,0.229686,0.248428,0.291619,0.285099,0.250129,0.202686,0.155045,0.209458,0.237262,0.258687,0.269518,0.243559,0.176848,0.172233,0.195584,0.231067,0.262087,0.260328,0.236415,0.182284,0.16168,0.192466,0.200033,0.223908,0.21707,0.220361,0.170186,0.137143,0.150853,0.16781,0.189883,0.178739,0.16951,0.127733,0.0489274,0.0636993,0.0641007,0.070912,0.059435,0.0555763,0.0243017,
kernel 17:
-0.134074,-0.181193,-0.197215,-0.227006,-0.245181,-0.231011,-0.188083,-0.137035,-0.183009,-0.244529,-0.247914,-0.262513,-0.248903,-0.178599,-0.13727,-0.190529,-0.240533,-0.252133,-0.256056,-0.253798,-0.186321,-0.145421,-0.182201,-0.203107,-0.231025,-0.222994,-0.243761,-0.169291,-0.116675,-0.165617,-0.19339,-0.21348,-0.201073,-0.197144,-0.135338,-0.109732,-0.137642,-0.146558,-0.169889,-0.172477,-0.1541,-0.0971805,-0.135389,-0.193434,-0.210194,-0.212826,-0.206212,-0.21982,-0.159725,
kernel 18:
0.0373756,0.103344,0.160381,0.232373,0.254401,0.181046,0.0837845,0.00560597,0.102295,0.161627,0.227158,0.254847,0.187913,0.0676614,-0.0356063,0.0780052,0.124668,0.188829,0.219617,0.147152,0.0210223,-0.0630759,0.0226254,0.0818602,0.149071,0.159987,0.105118,-0.0124878,-0.101309,-0.0270814,0.0128694,0.0817234,0.101635,0.0310411,-0.0396276,-0.140416,-0.0885578,-0.0475485,0.00119726,0.0253357,-0.0240799,-0.0925214,-0.312271,-0.264085,-0.254002,-0.177473,-0.17248,-0.221237,-0.271029,
kernel 19:
0.0451378,-0.0659257,-0.146482,-0.157159,-0.124066,-0.0367922,0.0989771,0.0240471,-0.104841,-0.188011,-0.180357,-0.174327,-0.0770221,0.0945789,0.0238127,-0.107375,-0.188073,-0.197661,-0.174434,-0.0871515,0.0831377,0.0514005,-0.0875307,-0.15967,-0.189177,-0.15093,-0.0411295,0.128659,0.0803417,-0.0571913,-0.123352,-0.106158,-0.0853208,0.0138967,0.156242,0.0723518,-0.0162473,-0.100422,-0.0942534,-0.0474255,0.0224716,0.163727,-0.0961538,-0.197656,-0.244837,-0.235437,-0.207065,-0.133534,0.00803668,
kernel 20:
-0.115146,-0.139292,-0.124777,-0.125644,-0.132838,-0.0798929,-0.0873399,-0.145663,-0.171265,-0.16673,-0.182027,-0.150449,-0.103689,-0.136464,-0.122557,-0.179961,-0.175063,-0.166265,-0.156396,-0.127744,-0.123291,-0.129918,-0.172229,-0.169417,-0.143619,-0.172237,-0.0927854,-0.102051,-0.136525,-0.151521,-0.165379,-0.135928,-0.130992,-0.124563,-0.0840703,-0.14081,-0.180373,-0.146639,-0.148263,-0.159507,-0.128659,-0.104371,-0.184963,-0.21131,-0.190809,-0.215505,-0.189131,-0.165615,-0.15979,
kernel 21:
0.0628617,0.11877,0.169352,0.216985,0.208956,0.174219,0.107486,0.0722045,0.130406,0.185604,0.208286,0.210685,0.169176,0.126604,0.0937995,0.133318,0.204299,0.23972,0.226851,0.207725,0.122812,0.0849272,0.137586,0.200089,0.220058,0.229033,0.172561,0.092744,0.0684789,0.113871,0.164269,0.196435,0.184834,0.135585,0.0849536,0.0116604,0.0554938,0.122063,0.151159,0.101378,0.0789593,0.0155174,-0.0722855,-0.0258715,0.0285074,0.0736628,0.0510859,-0.000407679,-0.0580633,
